0,128449,16420456181932970466
1,128450,2411124002006105373
2,128451,733433256482262436
3,128452,15245055816112148478
4,128453,9815105154135256421
5,128454,17640805355937439261
6,128455,8521036384342535286
7,128456,17039961340102745403
8,128457,6897628261236889705
9,128458,2858753831574985463
10,128459,16460836351272172752
11,128460,494183249058738889
12,128461,5377269960519564365
13,128462,7355529183058980945
14,128463,14891848190108620966
15,128464,11567848481578717227
16,128465,16748258221571956759
17,128466,10263718634153503672
18,128467,15493775515767219487
19,128468,931338419723006305
20,128469,14872407851048452951
21,128470,17170518867184388672
22,128471,6715160598842478979
23,128472,12745739472924673148
24,128473,2385432770891254927
25,128474,15360352875398883147
26,128475,5872589812648099187
27,128476,13598981388308551787
28,128477,11008456883369629730
29,128478,6709207068521335155
30,128479,14664618558984525829
31,128480,12884702901307773036
32,128481,15160990273906564155
33,128482,16592217112828784140
34,128483,15345833557044176635
35,128484,16785757103074093211
36,128485,17983981484933607768
37,128486,12103270088628311787
38,128487,14978563672570631754
39,128488,1895292019139389206
40,128489,4381626674257552120
41,128490,6997684054519617833
42,128491,12898628546828210866
43,128492,8945660886426674361
44,128493,7659498265486629946
45,128494,11781230838912084373
46,128495,14006428210180769617
47,128496,10284482123492064123
48,128497,12791993897234624218
49,128498,16846657298294432185
50,128499,454026471226022298
51,128500,15446903494861203358
52,128501,7068888914019286304
53,128502,5511352641518343616
54,128503,116160867766617794
55,128504,8071509895166455035
56,128505,13612540152581205228
57,128506,6931556783292526024
58,128507,9098846670707093822
59,128508,258985848962132757
60,128509,4601296756179986656
61,128510,6403514936513025787
62,128511,14696275249125803890
63,128512,17310412911882327998
64,128513,1854304890243196615
65,128514,13565784555331667781
66,128515,18012085638667634322
67,128516,13021293881232411336
68,128517,17556959366784326034
69,128518,17115765966606787388
70,128519,7563735693255482149
71,128520,6236751549139484780
72,128521,14187545271155788390
73,128522,6173170211438972206
74,128523,1525299659575230379
75,128524,16575473471451259584
76,128525,14523763037274809608
77,128526,13234903307546590354
78,128527,8190173443535380111
79,128528,13851513264334410784
80,128529,12136082109303612274
81,128530,6653690516082911318
82,128531,6978827141276457683
83,128532,11983593847160203874
84,128533,1026318256984586119
85,128534,1443629022468074663
86,128535,1695310960929067651
87,128536,14851566405039638304
88,128537,1204709965359364365
89,128538,4137962092074131137
90,128539,2806355020605020332
91,128540,12554686105353878001
92,128541,2323531212913082882
93,128542,4747419289847137752
94,128543,8079076901508449193
95,128544,2023010358597602309
96,128545,5802719264670987800
97,128546,6469861007925553897
98,128547,14040607621898693715
99,128548,1823482490878125053
100,128549,17182410259291938542
101,128550,6015097215367016542
102,128551,7870038749500084345
103,128552,4993182348516439991
104,128553,14538059234913291116
105,128554,8362351187802797288
106,128555,1535429375098924128
107,128556,1298222236184597596
108,128557,6082800100629380806
109,128558,3543713824062633531
110,128559,15455886412704625120
111,128560,1137894029302588453
112,128561,10223825968711130472
113,128562,10525918062081353938
114,128563,8524430044402080349
115,128564,17502802457643472897
116,128565,6359956492039765696
117,128566,16315205786057931802
118,128567,7951287165767313530
119,128568,18344915104213140698
120,128569,14766682464863548860
121,128570,17370079530975277663
122,128571,7000163326847685113
123,128572,7478767799809620293
124,128573,5292141099979150272
125,128574,8310886524963597727
126,128575,14113808710251135146
127,128576,10697251427810694803
128,128577,6975140108755190321
129,128578,11481129775425145210
130,128579,13635329635493619004
131,128580,16848940794329845365
132,128581,9815578971175922411
133,128582,9552117830431398028
134,128583,1892396953490484205
135,128584,2244411264829941915
136,128585,11874107645920904323
137,128586,8226592096513071249
138,128587,1407947380314388825
139,128588,2814405388748357164
140,128589,1466663197566221730
141,128590,16221538476806826320
142,128591,2978666705897602126
143,128592,17025433550959289609
144,128593,66025467851032672
145,128594,14805392171627054205
146,128595,5599199739481662712
147,128596,4514918745609491699
148,128597,14170989203461571079
149,128598,12976950232989497421
150,128599,16347066830003917989
151,128600,16844489424352137213
152,128601,4156247434155947368
153,128602,7774998443742668720
154,128603,3059618463528582982
155,128604,3889214983564870310
156,128605,15493388641819613409
157,128606,16887080498733088478
158,128607,12573143337627842993
159,128608,7549456742440518029
160,128609,4097544427608853937
161,128610,15408565503753369642
162,128611,14328266627708458784
163,128612,13601623840038972301
164,128613,15840260009273960981
165,128614,17939669457261017442
166,128615,7562416846024992527
167,128616,11012963893152515992
168,128617,13621850537490405361
169,128618,4919922789448041614
170,128619,14077320242114317176
171,128620,17164747043364832821
172,128621,16135157146986480594
173,128622,2142836278007322007
174,128623,17843336914481059372
175,128624,5589131803845089625
176,128625,11234359051001217681
177,128626,3094571275330425133
178,128627,15835163752915606542
179,128628,13399572629443512160
180,128629,1201206682365724861
181,128630,9557231073166288185
182,128631,10984771007193877106
183,128632,8447170850382849963
184,128633,10924932050391218711
185,128634,5892909379223668473
186,128635,15123226551330320943
187,128636,1710731699464824903
188,128637,3262675851201427275
189,128638,4071426149641335284
190,128639,8745477226794507101
191,128640,16923999285300740546
192,128641,18290605563417603821
193,128642,11145786883111481581
194,128643,16981289497441770609
195,128644,6763239891930346213
196,128645,143919819729525902
197,128646,12082923893983372880
198,128647,3100033315730306528
199,128648,9158035648169052176
200,128649,14587757897951822225
201,128650,15088714209804624270
202,128651,6765591297227360438
203,128652,2374884556238391253
204,128653,3636163458061467809
205,128654,385457389251441413
206,128655,11686823361618309971
207,128656,8828944692122279865
208,128657,3918876619530130215
209,128658,4897210996304781885
210,128659,3483836827108223064
211,128660,16414101835971101167
212,128661,13210511186556708435
213,128662,1264949806602935347
214,128663,4531228337927191477
215,128664,16977560159564245944
216,128665,3779829860068567872
217,128666,8593997681454279383
218,128667,14076176524486503117
219,128668,9820424289141173561
220,128669,10164564024439270508
221,128670,4337394744956892800
222,128671,5090919303192155616
223,128672,310755249549262663
224,128673,7792588178180975049
225,128674,866960731456057170
226,128675,1092040290208343322
227,128676,5884214194973021641
228,128677,8173044942901531660
229,128678,3109785092275931642
230,128679,5558511723350932287
231,128680,8290026591476739721
232,128681,8726809260737348868
233,128682,12990582805828626710
234,128683,12924527149058252047
235,128684,10950900925329103080
236,128685,17947479741724480073
237,128686,12215028119135150973
238,128687,16192826908255855724
239,128688,7643137707157152722
240,128689,14721882038325756255
241,128690,2545242092799592409
242,128691,4816929819503174432
243,128692,4183667575180429564
244,128693,9822005850723740274
245,128694,12815240163881673720
246,128695,4500582329358339238
247,128696,3598948916977599670
248,128697,14575554459205791013
249,128698,7477944588720280314
250,128699,8025826629943465748
251,128700,11554740911645491661
252,128701,12521966121657427871
253,128702,7958912940851578196
254,128703,5445068202499223546
255,128704,18396657373085086762
256,128705,3639079548113942112
257,128706,10292540388180912211
258,128707,8727388712826613118
259,128708,1637264601823999210
260,128709,5764979349534527311
261,128710,11043673089568701266
262,128711,908101659126527136
263,128712,6788085200378791081
264,128713,2365465697100926621
265,128714,479482042053539446
266,128715,13505148580854078905
267,128716,4855066495756025394
268,128717,13124481608088398357
269,128718,12496464813063327304
270,128719,15138202328152578648
271,128720,14591479389800938978
272,128721,11174297172359604839
273,128722,9297216121265980134
274,128723,7944988822421811670
275,128724,1860197049763666493
276,128725,8974809479436663162
277,128726,7385980062484344157
278,128727,10831400563585788155
279,128728,8193285824398988162
280,128729,4315125668300779025
281,128730,11699140306168282472
282,128731,4228591606668823512
283,128732,4638454234020378965
284,128733,18051440702974647782
285,128734,8238365178188275711
286,128735,1492116402194490520
287,128736,2209873233771010579
288,128737,8536751674130118511
289,128738,14360529216112028901
290,128739,7350923382864239206
291,128740,11519662112662393718
292,128741,14728709278038815478
293,128742,9122833528876245765
294,128743,689546251565377310
295,128744,13267015065805744953
296,128745,12789912046227004271
297,128746,5819238332397269553
298,128747,15432112290316000909
299,128748,745219497158706726
300,128749,11614114795456588942
301,128750,401166080773159861
302,128751,13683200622985647893
303,128752,7322730332832567184
304,128753,9584589426254718954
305,128754,8563010279164311276
306,128755,12435224306654187810
307,128756,15686232020727224718
308,128757,5830089401654076519
309,128758,5825950235251039984
310,128759,3087254615968351627
311,128760,12627623686223113201
312,128761,15093713008609744919
313,128762,3372125399060955915
314,128763,636124604457377316
315,128764,9406712445753281707
316,128765,14357017476378775807
317,128766,11373535134740392996
318,128767,17343431447924022644
319,128768,4205135794171033628
320,128769,14442094104614795041
321,128770,7588560232401879731
322,128771,12807498526882913190
323,128772,4626431543961812798
324,128773,9358537306331428195
325,128774,5182792936133222297
326,128775,4031582355095082735
327,128776,17040431165856967220
328,128777,14355292678867896762
329,128778,4782454971597695840
330,128779,4189715621607091562
331,128780,14635731537733984340
332,128781,3265817857599306341
333,128782,5425822818556763682
334,128783,15074091018483735955
335,128784,8230949328111687181
336,128785,15676878361992228016
337,128786,17332240898679259879
338,128787,3636352899001188693
339,128788,17080246131749588845
340,128789,7400120376374318307
341,128790,8634691678581313656
342,128791,4147332885011358929
343,128792,13163665333033803239
344,128793,11818129232844124231
345,128794,16844919738461757489
346,128795,9139308686550556079
347,128796,4398793166897355580
348,128797,12548743327942070601
349,128798,11953048949422778712
350,128799,14177852066256085291
351,128800,11395043570535488450
352,128801,13043610688900456630
353,128802,12364500426154802783
354,128803,8920649034557296834
355,128804,16860485882931498075
356,128805,513628360016637773
357,128806,16664530507001841656
358,128807,8226396099455252717
359,128808,10045091622969049531
360,128809,360131468594725618
361,128810,15917199433263138262
362,128811,11709595860055354548
363,128812,9219410821275106991
364,128813,7088453692099450767
365,128814,76136003250741857
366,128815,13569225116953856920
367,128816,4642611240400770265
368,128817,17927964201380516225
369,128818,1701558671114098790
370,128819,8581877099954641252
371,128820,11658323339892394279
372,128821,7136086715690544370
373,128822,2912305865384608920
374,128823,8830360911466964912
375,128824,9927132320967446000
376,128825,17558850790707509772
377,128826,12621817641469787313
378,128827,8444565090174768470
379,128828,8535210949788037435
380,128829,3307086655860622712
381,128830,18168403472778628903
382,128831,18423851923621614169
383,128832,12059637723394766914
384,128833,14962264107707370408
385,128834,6001149312043483663
386,128835,1137267770922845022
387,128836,2569627250816926757
388,128837,3738576488460810125
389,128838,738000462996956835
390,128839,12997128784528928047
391,128840,3654827449804060185
392,128841,4693778421026077861
393,128842,15709830295671892485
394,128843,12126028847329538158
395,128844,14872676136282195631
396,128845,5817017053148726739
397,128846,14895251968146872630
398,128847,16330684645644797107
399,128848,12645808474473067058
400,128849,14699087741245763831
401,128850,16143798707523764579
402,128851,5858206147893424172
403,128852,15667631769453658476
404,128853,14847329814346744436
405,128854,10538828287428982832
406,128855,1959788782085129848
407,128856,13926862824354900462
408,128857,13053776399528322363
409,128858,3316107055853198827
410,128859,15697595934365722737
411,128860,15211349713574646548
412,128861,16826524053554412983
413,128862,15786208328292690454
414,128863,3965953825103204998
415,128864,6229184109617613963
416,128865,727458600591477462
417,128866,4336457847200901485
418,128867,2303480917633029838
419,128868,5117783959542627646
420,128869,8092969775281563692
421,128870,15862922541324716885
422,128871,5956848424792636950
423,128872,18217028868098764246
424,128873,17806344079827804378
425,128874,12825292001768663437
426,128875,12364503709478601459
427,128876,666490385660575077
428,128877,14489116910074491602
429,128878,9755635614807713323
430,128879,12413605659067293582
431,128880,7865081799590676328
432,128881,737451522563649886
433,128882,11904747245521972641
434,128883,10490234741260744461
435,128884,13003711464383763705
436,128885,12981770486538512337
437,128886,4166466037726852128
438,128887,18164183385237938695
439,128888,2178701152593459888
440,128889,3790235331207715106
441,128890,17582046272378517399
442,128891,17239992548331793577
443,128892,6249718916388503345
444,128893,17161011796329524367
445,128894,1915343692257437929
446,128895,2322541533004265510
447,128896,8139445939426311414
448,128897,11496020123508829919
449,128898,11211951908346804353
450,128899,3136271192367732948
451,128900,6140562367108699019
452,128901,2750049011630678291
453,128902,17675742390479594340
454,128903,1191851738722609757
455,128904,2159369782822528537
456,128905,8498051465735263191
457,128906,6866711514639943038
458,128907,17561157972545630762
459,128908,10698887962219400577
460,128909,2472847502311542599
461,128910,1063271990817245106
462,128911,12085893585322850944
463,128912,13109603908400551770
464,128913,7466106219119492196
465,128914,12179525692778151549
466,128915,15580919364492071185
467,128916,18232340177886085752
468,128917,17618994054604448376
469,128918,13533755427682204798
470,128919,5426483849708274802
471,128920,13007283101227095525
472,128921,9236748149731065887
473,128922,6185042223981077164
474,128923,9659277228845224859
475,128924,16532374764683763435
476,128925,17284802183146034980
477,128926,8224969325869419314
478,128927,13394997993249352560
479,128928,14885848173201499824
480,128929,3615479202747018099
481,128930,10077160486961905255
482,128931,2749625554506445279
483,128932,3455915576314812344
484,128933,7070591348785556312
485,128934,1053719877755909774
486,128935,12512167308521767204
487,128936,16374207688120451184
488,128937,6343666999777009641
489,128938,4748234246468617600
490,128939,2205839452343571338
491,128940,7413048226375463717
492,128941,6212446475705880198
493,128942,1502217278064084476
494,128943,11623781424183409784
495,128944,10380320455263442025
496,128945,1401314495504393228
497,128946,1379572464987139138
498,128947,16471294997695281183
499,128948,201994708422131609
500,128949,11653856664429701891
501,128950,6458740574636827853
502,128951,2468873308462624279
503,128952,12477657540857868850
504,128953,15888120597999979419
505,128954,10861373574475071255
506,128955,16728472219920143634
507,128956,548234782429024241
508,128957,14655152346123410059
509,128958,2622075817153666628
510,128959,18386975782993039630
511,128960,17605565835150042676
512,128961,4673168742304240868
513,128962,5066588850647227551
514,128963,16126504338365848213
515,128964,7754223284792458570
516,128965,18105434781578966610
517,128966,10224816708884902779
518,128967,4824758605752496069
519,128968,6460634958197169852
520,128969,12119666776278248002
521,128970,6215288235616281163
522,128971,4407383017783004331
523,128972,15702736840968466928
524,128973,9851252789758901623
525,128974,1585372919110826522
526,128975,8025335531595270227
527,128976,2581133454131547506
528,128977,11871031418334251384
529,128978,12845373468148321004
530,128979,10456587292894518234
531,128980,9016863992340793821
532,128981,3503198285040612058
533,128982,10842170875500155766
534,128983,10029514548681844418
535,128984,7900163468619599694
536,128985,6638574607898155074
537,128986,12041945016948516127
538,128987,1628323940309103375
539,128988,1664161404583840204
540,128989,5615514978714508502
541,128990,6859498739200445632
542,128991,9661636422721674328
543,128992,17016519728133750218
544,128993,13100116653282762947
545,128994,6156517633936138979
546,128995,9274892882976655929
547,128996,4777162526393161896
548,128997,13099822479037401503
549,128998,778640437868505364
550,128999,8708909366845340597
551,129000,6439363855122640877
552,129001,11815513275937162778
553,129002,16214353310630662054
554,129003,11729101766931563715
555,129004,4598561729059561532
556,129005,4468377269240567612
557,129006,6328749868293470937
558,129007,16750233035492447877
559,129008,4575624217854001056
560,129009,18194462549833768710
561,129010,3432399008104575450
562,129011,16541679359026386119
563,129012,3891720133452694021
564,129013,10539936220651834301
565,129014,8268776195967056276
566,129015,16411891777341118218
567,129016,3047099079183018884
568,129017,10583539949454859326
569,129018,1148958641628002177
570,129019,12335342808847040963
571,129020,10048522872714949487
572,129021,15296006792361042416
573,129022,6391546587029941721
574,129023,15557748349542699061
575,129024,8811236877723602793
576,129025,15584305685289608035
577,129026,5507587897169373330
578,129027,661507267067136244
579,129028,12803864810746832375
580,129029,10539264166239406277
581,129030,5384176057859194581
582,129031,2810580004849710915
583,129032,14274085323341120878
584,129033,766546352257238461
585,129034,9822987854419802268
586,129035,8612083656266988402
587,129036,12668492287313950340
588,129037,11841136295577197135
589,129038,16635788729199417423
590,129039,16473650630089930970
591,129040,7587562381744335168
592,129041,1956034321336945206
593,129042,5828866532875891044
594,129043,16069154111794954245
595,129044,4579446658405279087
596,129045,15357253863514569931
597,129046,8812850748695434691
598,129047,1747976883182806608
599,129048,15358905791689339773
600,129049,630827021573755371
601,129050,2053038446448821473
602,129051,12141766880618992146
603,129052,16283930622836273516
604,129053,7437750737415514444
605,129054,18234383021895689718
606,129055,8360374567011010677
607,129056,7443127611772191619
608,129057,13065782500067047100
609,129058,10438862324872621278
610,129059,4646044831535327072
611,129060,4482604140602544214
612,129061,14757416082659185996
613,129062,17547620293652024647
614,129063,10242166779195987800
615,129064,2952104560889084816
616,129065,13108070308487730167
617,129066,4069489136972454635
618,129067,1778120426542130041
619,129068,1207888043653076108
620,129069,4277859703371817376
621,129070,478237131909976842
622,129071,15403515745783003866
623,129072,13482752504286027226
624,129073,14229353351227460080
625,129074,13962714500031649263
626,129075,10512000677293339590
627,129076,8072594665024007797
628,129077,13150226502240752258
629,129078,14103260264252885233
630,129079,3430052442075420792
631,129080,10214661341997494227
632,129081,9010242726397122598
633,129082,16317065923387762154
634,129083,12006750407572508868
635,129084,16197732410809790170
636,129085,67456702115345504
637,129086,14813827228540233568
638,129087,16622113738460606989
639,129088,1152662464649780405
640,129089,3275762121125080984
641,129090,4839480820565884543
642,129091,448085439202731583
643,129092,8272106521560392185
644,129093,11120424112270651832
645,129094,662889118684154242
646,129095,6079614811477277536
647,129096,10505803521124735655
648,129097,14691456703444475766
649,129098,12219799044762262759
650,129099,8632569527340294863
651,129100,5914705940138703950
652,129101,1919119765987381354
653,129102,12473576504418089146
654,129103,10707551643651088398
655,129104,8513044928732422432
656,129105,6006354872078356691
657,129106,8509844085485850372
658,129107,5556881282151884888
659,129108,5740483834001843382
660,129109,8100152804296496273
661,129110,3099281148211004085
662,129111,9909104025676562132
663,129112,14102730857467860318
664,129113,6858758514767555106
665,129114,4861881793813257713
666,129115,16006816328938763694
667,129116,9585203550495779863
668,129117,10629676730594306253
669,129118,8139782060209206911
670,129119,1020988452684588200
671,129120,4920127683723460119
672,129121,8927326446774272670
673,129122,16381050347628016244
674,129123,59254781603172242
675,129124,13244918819792110506
676,129125,6282238428869373145
677,129126,12250101963807488592
678,129127,2977541065303188976
679,129128,10453771232188061126
680,129129,6569346942848312636
681,129130,2546684236593984642
682,129131,15578064590762733008
683,129132,5576282036159245764
684,129133,12288908151533770212
685,129134,4862355499267971651
686,129135,5277453247752794578
687,129136,16644334286649409190
688,129137,7529674697143961845
689,129138,3688203631301988701
690,129139,12930608818586241280
691,129140,3549197875288572743
692,129141,7501650736057068390
693,129142,8147529853543876179
694,129143,9081711868786556682
695,129144,12011066546274450691
696,129145,11800961280783005080
697,129146,7568401531572452588
698,129147,1179558206224249464
699,129148,17592943680987192202
700,129149,4739844007414402180
701,129150,8827073401629687930
702,129151,3097899549077124896
703,129152,15507227949057140399
704,129153,14869818122231361761
705,129154,1124515007699714564
706,129155,4397161566998363094
707,129156,13508667456086867375
708,129157,2876216188597773679
709,129158,16170239656308400479
710,129159,5885557972854021881
711,129160,6194764894510185182
712,129161,10724911329571363142
713,129162,626503072380730359
714,129163,7887680934174405235
715,129164,7842541336043033060
716,129165,7254741993443217529
717,129166,17454042589798488190
718,129167,7404261595163917040
719,129168,15471402476088261048
720,129169,10390788124477508850
721,129170,12019457698414145902
722,129171,11792064022099426313
723,129172,5715684710512326239
724,129173,11891107481521617663
725,129174,17202835637817275226
726,129175,531753508080129562
727,129176,2835753835527263611
728,129177,3150199079044327155
729,129178,11991587548258644110
730,129179,1940203008792865252
731,129180,12591143476434075647
732,129181,1863043458768682466
733,129182,6458937858652948462
734,129183,233292023955476615
735,129184,9483479251756253675
736,129185,3241921262710871560
737,129186,2334547056628614642
738,129187,12091320831453894684
739,129188,5922418804732907827
740,129189,17431076390799893476
741,129190,15843302584795680245
742,129191,3064278914829147981
743,129192,9215135284891644459
744,129193,3142967781651828667
745,129194,9515371261173978379
746,129195,7608659188743175946
747,129196,8134771328071013929
748,129197,15970618074215550331
749,129198,9144409533091672005
750,129199,2993829808437188619
751,129200,1047498969365702585
752,129201,5839241922545461464
753,129202,15245490692880114873
754,129203,181584771257490908
755,129204,4701246232344444875
756,129205,12391052093988086290
757,129206,6360260555637337272
758,129207,13245947026581929290
759,129208,8630446008761954896
760,129209,5785064386665969047
761,129210,6822412201944382341
762,129211,18019753779297806670
763,129212,10912352195724066379
764,129213,1640197611059540265
765,129214,14651492411727514562
766,129215,10657829990492001896
767,129216,12086003028311150285
768,129217,1148914394650978530
769,129218,3724653821272578604
770,129219,2876443484117320197
771,129220,14069577110118280643
772,129221,4945308004613501104
773,129222,17967483836155290218
774,129223,13121856936158621682
775,129224,16901897036150900307
776,129225,4822586199460796386
777,129226,14754717325042070186
778,129227,4908061401847434046
779,129228,14775148469949800864
780,129229,2973629709646100458
781,129230,2312648989538030251
782,129231,14928704900940148743
783,129232,18220335513014769071
784,129233,6958187839955454502
785,129234,7823285056751137453
786,129235,14255763561948595232
787,129236,11854194605002163953
788,129237,7234865476817248565
789,129238,4674510756653949958
790,129239,2381501245813677514
791,129240,10726116965437991436
792,129241,2122345713706170580
793,129242,16137702723765075597
794,129243,3086706324487562975
795,129244,1343083134238180994
796,129245,4696997567062596733
797,129246,9113555952607260253
798,129247,925159292937425576
799,129248,2857111641251797741
800,129249,18143701980362224843
801,129250,4077516553345016987
802,129251,11556397356404333297
803,129252,17107485951957159789
804,129253,197790670207535193
805,129254,11626588644007915731
806,129255,1516111831178916722
807,129256,9105944368683538546
808,129257,16866745698706690274
809,129258,17339245300457604041
810,129259,17795781981600919874
811,129260,4102861865711304448
812,129261,12565656955068730160
813,129262,10814526087882120156
814,129263,4510118276290086067
815,129264,13552292834433695569
816,129265,8536822940796074858
817,129266,4481259845632780781
818,129267,5523758381958147998
819,129268,16148725578632368285
820,129269,15745894525240560402
821,129270,15403290796212777594
822,129271,5047928191641012015
823,129272,3003214081014857067
824,129273,15356150974634428086
825,129274,657973071164487636
826,129275,7666945795910710384
827,129276,2943011798206145383
828,129277,15493776627560393479
829,129278,13445101619795988474
830,129279,12938167789675643371
831,129280,3195874243603007273
832,129281,12604688469378652971
833,129282,4164712178278073316
834,129283,3181969077451732461
835,129284,17810233793686441264
836,129285,3315478724103600718
837,129286,1165055241954228376
838,129287,8202919813244652069
839,129288,4581930909509806079
840,129289,17416161023646473523
841,129290,14595061119249430008
842,129291,6499934194049914870
843,129292,14035924599917046180
844,129293,8619782889633619126
845,129294,3415522795530004448
846,129295,8023797227917547245
847,129296,7409462893563537837
848,129297,5764344971135930103
849,129298,12238006953401767215
850,129299,17102318834905390764
851,129300,16075910959526383035
852,129301,16845865608569098900
853,129302,12337710900484593595
854,129303,17179594450361117118
855,129304,582714241888261542
856,129305,16701095007334081788
857,129306,8645363020823928285
858,129307,12733661327155251648
859,129308,2748268314099927332
860,129309,8299072334981411008
861,129310,3710315736325546479
862,129311,5380604417403043908
863,129312,17912208497912730445
864,129313,3182459010711577853
865,129314,16022277868082428887
866,129315,177000565101067648
867,129316,7510498289943215504
868,129317,17408045460573683373
869,129318,1851317189076365588
870,129319,15438287132231821651
871,129320,11528163957164529045
872,129321,5317761862254464128
873,129322,7805691958598044395
874,129323,9628262621292676161
875,129324,18444209740711825458
876,129325,139878544704759028
877,129326,13347998972778894381
878,129327,1743416769673523192
879,129328,4057802360642524579
880,129329,2015428980199278012
881,129330,11489928156273754131
882,129331,9487877259315576104
883,129332,13628707977117057446
884,129333,16374859707762088761
885,129334,5875035138422854808
886,129335,6933456751477868598
887,129336,13746564879794229147
888,129337,18222592871549556083
889,129338,14106214110409751695
890,129339,10580872939047076606
891,129340,1999120354615040482
892,129341,11781536715662709815
893,129342,7105686598436563741
894,129343,11604695492936469571
895,129344,9114238088512752889
896,129345,2501413498742411594
897,129346,8153572366437330080
898,129347,15895392701227132512
899,129348,12909634465941517049
900,129349,13107438932013740221
901,129350,3289028671237489605
902,129351,9743784846626621993
903,129352,14873795061692059193
904,129353,10300402096956534907
905,129354,13228061266158113967
906,129355,5968026220131518547
907,129356,17184056293650093893
908,129357,6715809545559213534
909,129358,4454922558349959178
910,129359,16244503165299493423
911,129360,3383506590153502531
912,129361,8739996534147443383
913,129362,11208770313758881321
914,129363,16283198220725798986
915,129364,2559233303275059962
916,129365,9172033149162481695
917,129366,13942221884568739937
918,129367,12323827747249264545
919,129368,3799990942645636588
920,129369,16417520258113652191
921,129370,4057122446158498171
922,129371,9659609048793023634
923,129372,2136641444770720117
924,129373,3390605510742241807
925,129374,7607281992066135534
926,129375,9283424071987369995
927,129376,4910986659266856151
928,129377,1051308518037848700
929,129378,18314025610826246607
930,129379,8475741281722181232
931,129380,9069583969501340492
932,129381,9765735444070441213
933,129382,12026573154063744605
934,129383,2548922582121288597
935,129384,17012992636171126242
936,129385,14972330352298730500
937,129386,2316196139479710859
938,129387,2772515688875491091
939,129388,17187860661989698935
940,129389,995853934652220454
941,129390,3227236147738826574
942,129391,9771213731059434292
943,129392,17629782251792290607
944,129393,126497818270743862
945,129394,1832664500904950106
946,129395,12931281695891220337
947,129396,5308854612717497507
948,129397,14686820627848041570
949,129398,18313265287516592695
950,129399,13641399337837949237
951,129400,15661655977636187407
952,129401,16631442624850872845
953,129402,12824127283999073853
954,129403,14649098603095618150
955,129404,12585971114339423967
956,129405,11532293943630526528
957,129406,2376005832094902608
958,129407,17215279143624112376
959,129408,9421866796377542354
960,129409,2730886212996481564
961,129410,9192167163074915075
962,129411,12081479812751883556
963,129412,15365880563684659952
964,129413,3046685879795524333
965,129414,16810181835265375238
966,129415,4231075714522334819
967,129416,15393123613768576847
968,129417,8637293457472304763
969,129418,7036407166130969344
970,129419,16171346151407442709
971,129420,7337365714583780862
972,129421,14022245812061545956
973,129422,10258977412857134962
974,129423,2959036797054841684
975,129424,1345221889971532075
976,129425,9660059910858431700
977,129426,6366635475013477506
978,129427,14376281105467891107
979,129428,16619250158243791833
980,129429,2006608915071426134
981,129430,5441843752366685916
982,129431,2012376552114057139
983,129432,4858589535726315990
984,129433,5630613557834550432
985,129434,14334737566493036623
986,129435,10392909585092465196
987,129436,16451681076029959762
988,129437,5621487985148518948
989,129438,14362316611774102984
990,129439,2291037249299587608
991,129440,2172218021841185816
992,129441,3891732124222445495
993,129442,9043277632146807423
994,129443,14483285924302787599
995,129444,15085361372044098631
996,129445,12427158762921574427
997,129446,6168948902993372224
998,129447,14307296218028046873
999,129448,14493587056887906316
1000,129449,6603974436816318133
1001,129450,10167057332203651428
1002,129451,3550872616363831406
1003,129452,7367484825244021579
1004,129453,17154639660813899067
1005,129454,2658606710408213784
1006,129455,16492488742085830384
1007,129456,9152474575841157289
1008,129457,10225727692907670115
1009,129458,2501473430695318297
1010,129459,12197012604862268660
1011,129460,2238708542679677265
1012,129461,7582029473736959941
1013,129462,14680656593462816061
1014,129463,4426158387965495203
1015,129464,10822074425017732924
1016,129465,7322669667121266944
1017,129466,17346010994803640206
1018,129467,16829840325387326204
1019,129468,2222838963529236759
1020,129469,5020592450776571488
1021,129470,8795243077814616007
1022,129471,11976770152267136126
1023,129472,15323660606318577152
1024,129473,15159095501514409525
1025,129474,3812712287068953926
1026,129475,6046817176437754599
1027,129476,8643201955155649002
1028,129477,12074084371053302205
1029,129478,5037299682601852172
1030,129479,7584091696850178617
1031,129480,4238911886361209098
1032,129481,3838565364841541764
1033,129482,16413842718051579453
1034,129483,4017981939052843354
1035,129484,16934550490207448827
1036,129485,12748110451695233580
1037,129486,12597129233414449820
1038,129487,6044171405416845370
1039,129488,5030765458172621573
1040,129489,7378749991768607775
1041,129490,3222402193751866303
1042,129491,13454048320317908677
1043,129492,13033571337761295371
1044,129493,7126855477405381278
1045,129494,8001121882220484972
1046,129495,15160642479946143676
1047,129496,8170284191796287115
1048,129497,9481484674335315138
1049,129498,14917363072494101150
1050,129499,4005304967039763743
1051,129500,4549006730255758504
1052,129501,2174086905100192749
1053,129502,4607889784694474616
1054,129503,12042212991643618133
1055,129504,6073631922796978378
1056,129505,13159399839173810773
1057,129506,9385541016043243063
1058,129507,1602398439256989861
1059,129508,10595885124584484786
1060,129509,299587093570531318
1061,129510,7895926735373474061
1062,129511,16188235343257932593
1063,129512,496464620727233935
1064,129513,8617340032734594668
1065,129514,10122311240288784338
1066,129515,13544900737656846556
1067,129516,14089987482956573200
1068,129517,15419526204221308277
1069,129518,16017436669942754963
1070,129519,1357413015929013282
1071,129520,7603217589404552473
1072,129521,15338495529062163206
1073,129522,16579367566399096852
1074,129523,8783992178071199964
1075,129524,7728820709009159956
1076,129525,9376175514742976160
1077,129526,17227671545609990729
1078,129527,14750544117770459555
1079,129528,10051902616819596223
1080,129529,15295663416151439685
1081,129530,13374035212317213981
1082,129531,7932633593704597544
1083,129532,14874235923663273392
1084,129533,15712038803145913663
1085,129534,9702159401143790869
1086,129535,18215669774911413460
1087,129536,14630331170768390340
1088,129537,7441271594965931798
1089,129538,12200251258553986351
1090,129539,2431325290841972262
1091,129540,6036247276424972043
1092,129541,2653414116491522002
1093,129542,18324528511507135461
1094,129543,3102832309701969510
1095,129544,2111940187975766065
1096,129545,2468618563494449810
1097,129546,1474883384685071247
1098,129547,7211048993289362499
1099,129548,1896673546529179931
1100,129549,14837507489691170008
1101,129550,9332108010530820723
1102,129551,13553861602487973830
1103,129552,4295197032474228840
1104,129553,9922920655579062077
1105,129554,2373461141499533815
1106,129555,4005530783331299004
1107,129556,5236242126906638801
1108,129557,12293073758053178996
1109,129558,12610336069465638193
1110,129559,12710866467826148083
1111,129560,12966842162696773944
1112,129561,9332795250322842260
1113,129562,12440581363689201515
1114,129563,11319970395521045900
1115,129564,13332314271898576342
1116,129565,12693025185469371557
1117,129566,13409383242692589598
1118,129567,16047562016272433957
1119,129568,4991971460098911636
1120,129569,6003361283533910816
1121,129570,9820956067216551584
1122,129571,7932222342542083803
1123,129572,9120267739573931463
1124,129573,2907857406413770318
1125,129574,9134905761637955928
1126,129575,2884752269137619156
1127,129576,1124196981054232542
1128,129577,1927663918483073720
1129,129578,14904862067296665670
1130,129579,4433590732463737969
1131,129580,2569007210361368536
1132,129581,6718291914210443651
1133,129582,1498958604578035931
1134,129583,7676749388208560798
1135,129584,3693687473074887957
1136,129585,1790322504985921701
1137,129586,12086035708596641730
1138,129587,2947193494641839756
1139,129588,14821980576254259257
1140,129589,956676930845227561
1141,129590,12241398545685627897
1142,129591,7009394852072811142
1143,129592,3329966072310167231
1144,129593,14356906445817144982
1145,129594,17110031787236275457
1146,129595,14389275434819097130
1147,129596,11334803512704237292
1148,129597,8872891286185788074
1149,129598,6923604324101108911
1150,129599,16858112078821592860
1151,129600,406691420066546916
1152,129601,6849086246195713894
1153,129602,17320580491763065868
1154,129603,1136901428253498723
1155,129604,11100946408031401814
1156,129605,6958343253017108678
1157,129606,12714561007475207827
1158,129607,8366398945449061242
1159,129608,5654132210738245938
1160,129609,12592489991741036454
1161,129610,4471125388478922971
1162,129611,3456284811169322478
1163,129612,9276681054269300286
1164,129613,13519465481385583346
1165,129614,10589756522335073688
1166,129615,7451418228227928514
1167,129616,6096074415904773938
1168,129617,16654042323379455990
1169,129618,10912582665210900153
1170,129619,12554689412613362901
1171,129620,11188675700095857058
1172,129621,16262733566184589759
1173,129622,6860550077511228792
1174,129623,7320334600958715482
1175,129624,7075637597507594775
1176,129625,10614344911408927076
1177,129626,10957316087543825487
1178,129627,2991246860051928961
1179,129628,14883245819143047086
1180,129629,9047102743369978231
1181,129630,5654000713791000800
1182,129631,417108615333697105
1183,129632,1964327513691112621
1184,129633,13096813526513832376
1185,129634,15725658443827554070
1186,129635,6998397288215847942
1187,129636,9185026080357731088
1188,129637,1823771254731946628
1189,129638,1430556875148917409
1190,129639,4657888218189326909
1191,129640,2545688980433576953
1192,129641,16541924199829287942
1193,129642,9633779445481158759
1194,129643,430727513838513195
1195,129644,12649618061227025218
1196,129645,14377453819979876311
1197,129646,17838189705778859644
1198,129647,6780792906134714552
1199,129648,2089954035551642409
1200,129649,855090266060945728
1201,129650,18146966606539268810
1202,129651,9798871559137883616
1203,129652,11149300490405771085
1204,129653,1660929733427101633
1205,129654,7658006529559113695
1206,129655,14687939707788101709
1207,129656,4341037969659194666
1208,129657,5278293858474594391
1209,129658,1052204261135461817
1210,129659,10380854264585824340
1211,129660,8199219990756134318
1212,129661,367471233778456872
1213,129662,14788931586560531503
1214,129663,1523883207455380444
1215,129664,712647730902749405
1216,129665,9237792441770499256
1217,129666,16373573107881779254
1218,129667,11265254407660711976
1219,129668,3051904617743291265
1220,129669,7415903468117829228
1221,129670,15795860779599207217
1222,129671,777642765928333743
1223,129672,14986687440553409111
1224,129673,4514361452614296891
1225,129674,5833035651546942984
1226,129675,8942931370752440019
1227,129676,5802482271038503270
1228,129677,2192044111933035072
1229,129678,13261348505033801517
1230,129679,13838923460170821592
1231,129680,7668819668158808201
1232,129681,16316030480236299349
1233,129682,7653001415547720957
1234,129683,13374530919613260147
1235,129684,11634675258113650844
1236,129685,17191879214566411491
1237,129686,3017840609083156339
1238,129687,5621634168156259298
1239,129688,5613685467276742407
1240,129689,6304469534944379868
1241,129690,6977298416463914423
1242,129691,3678245650539692467
1243,129692,6553470898332168100
1244,129693,4336477278514482775
1245,129694,7827299520005140048
1246,129695,13665045630483009428
1247,129696,1165168114379335808
1248,129697,12350480753791425388
1249,129698,17035101718979135724
1250,129699,11768185177454542211
1251,129700,3631924107545977928
1252,129701,17228651522566823041
1253,129702,12677427010839923812
1254,129703,13200425668748255889
1255,129704,11018337875030315942
1256,129705,8881162607352134515
1257,129706,11928587714915065635
1258,129707,7801093345491313610
1259,129708,18027943006901106023
1260,129709,7116619930941938316
1261,129710,14731061870625059961
1262,129711,10498690011952598354
1263,129712,17660900798315119410
1264,129713,8224381953880171465
1265,129714,14525985618098107909
1266,129715,7063857896360990295
1267,129716,4538498060094439385
1268,129717,12533866395318175028
1269,129718,11539964911530605926
1270,129719,4248842847689341888
1271,129720,17630394105538349077
1272,129721,10574693413722767763
1273,129722,13104953569231958662
1274,129723,10587331055798411205
1275,129724,10101394621672219001
1276,129725,1035123271908792431
1277,129726,14673964358806265650
1278,129727,1025485703853641708
1279,129728,9588513822662960125
1280,129729,4444284308764058936
1281,129730,9053059179896315310
1282,129731,10230652344850991886
1283,129732,3605073267404534292
1284,129733,16746507776676575736
1285,129734,4154097718290581229
1286,129735,2008529966707349628
1287,129736,18010452585391510821
1288,129737,5499462134787756909
1289,129738,2969817341564398685
1290,129739,10086207006119305683
1291,129740,6443361880929688393
1292,129741,18285797915705835240
1293,129742,1860019601920200902
1294,129743,4721797691212422092
1295,129744,2229785241561320979
1296,129745,8316851626271031701
1297,129746,16526347949721785790
1298,129747,5455858745085348678
1299,129748,13905062402864480375
1300,129749,10095575747162581353
1301,129750,4544926206046699750
1302,129751,1456936694632444805
1303,129752,12068810240244010092
1304,129753,13211118632394957069
1305,129754,9869894907657644691
1306,129755,17914169911390478444
1307,129756,4734157854383327564
1308,129757,1423720428585578561
1309,129758,10978048151283719417
1310,129759,7128194725778974681
1311,129760,7752209953738464869
1312,129761,13820317408244449217
1313,129762,18282920059494131478
1314,129763,7135815440508971455
1315,129764,9052503824716199545
1316,129765,602623713925881400
1317,129766,15780053134777541076
1318,129767,10913724037267307889
1319,129768,4696085109968504278
1320,129769,10494658974165064499
1321,129770,919160683860060997
1322,129771,10015112968153104861
1323,129772,424186071959953164
1324,129773,1362001648772129445
1325,129774,12072474878170370780
1326,129775,5135078561705100806
1327,129776,14256472867112407884
1328,129777,7888109934287735411
1329,129778,9742770894150967374
1330,129779,7436319512938349902
1331,129780,13083680862099119743
1332,129781,4276074393609294536
1333,129782,4179394808074605934
1334,129783,1231970155697657189
1335,129784,1495480029621140073
1336,129785,11124757953531486937
1337,129786,11589727147209596990
1338,129787,6870619102219883236
1339,129788,6003723672069791979
1340,129789,8098865609770117522
1341,129790,1719451764818426120
1342,129791,3081105129988616014
1343,129792,8842417556225945278
1344,129793,15499366037175684978
1345,129794,14041480718060029843
1346,129795,10167557457851483567
1347,129796,3793670616567084925
1348,129797,10346007377577820875
1349,129798,10836931879351143775
1350,129799,6593985142748603678
1351,129800,8782701408439208927
1352,129801,15616990671044858486
1353,129802,16951943074074117943
1354,129803,2446460098812687494
1355,129804,5226391728023172838
1356,129805,9632858513208420359
1357,129806,9191841638828834282
1358,129807,13339478810696008837
1359,129808,3609494395036649497
1360,129809,16052761232100535459
1361,129810,6384488806337582914
1362,129811,1025962955513174907
1363,129812,3509397259823133547
1364,129813,12751532805048394795
1365,129814,16447168441768131615
1366,129815,1187977252365549961
1367,129816,8413374499124595631
1368,129817,9293015173745031629
1369,129818,7366928683499036886
1370,129819,14880294781815882556
1371,129820,12087066628092294867
1372,129821,7909628035139609630
1373,129822,6364872367246863808
1374,129823,16254408459550617342
1375,129824,6213861443597701831
1376,129825,14610457566702557477
1377,129826,3455924368814130366
1378,129827,4472989401746763655
1379,129828,17465130371623380613
1380,129829,4521742698360177292
1381,129830,17439608853506734891
1382,129831,11419754999862702193
1383,129832,2102392005574867071
1384,129833,13184334790994222679
1385,129834,12865334492374316854
1386,129835,10397161383102680071
1387,129836,4751435055323038976
1388,129837,2981669475537710721
1389,129838,2114780304930423595
1390,129839,13889294248684919770
1391,129840,3938681053288705459
1392,129841,14351827045090240097
1393,129842,7720244297108103664
1394,129843,4799092186035598077
1395,129844,15936443376664268947
1396,129845,7889243955504836601
1397,129846,10115642902768239961
1398,129847,17395815553524888518
1399,129848,12477099686713632230
1400,129849,8143809089373801391
1401,129850,15067505408829711666
1402,129851,16497238200963987303
1403,129852,14970782743487419693
1404,129853,12161236390682197681
1405,129854,14327753118034130197
1406,129855,13400117555983271089
1407,129856,6600252805149745726
1408,129857,11331290648896235992
1409,129858,6921239646970216416
1410,129859,7898130463896147215
1411,129860,7908612134097028538
1412,129861,13299353840946916360
1413,129862,735327567373117642
1414,129863,5991445830138850320
1415,129864,4699583360026919076
1416,129865,2057847654754939791
1417,129866,5478408107566380756
1418,129867,4342506581896844923
1419,129868,8113031748751486477
1420,129869,3569958016127569614
1421,129870,8589602993593234466
1422,129871,1661213618737099383
1423,129872,13513798148425803654
1424,129873,10224548103737921851
1425,129874,15104700537628989299
1426,129875,3984879089108970150
1427,129876,7080296813677949332
1428,129877,11869687772757202175
1429,129878,15082797427183862001
1430,129879,17873301014100544711
1431,129880,3798068417135617500
1432,129881,16278077478792270984
1433,129882,2662598528020769220
1434,129883,15701127308011400588
1435,129884,8351936074185329050
1436,129885,2425565625156530262
1437,129886,2124740718542882061
1438,129887,13876019490899510103
1439,129888,17253671657304501510
1440,129889,14773775474136596587
1441,129890,7724139441780246935
1442,129891,6400505983545599818
1443,129892,8965318127259730912
1444,129893,15309731760851944485
1445,129894,11308831716397442567
1446,129895,769050284143264591
1447,129896,14376400626092602149
1448,129897,16340693400487679746
1449,129898,2569200424799776424
1450,129899,14431740545468903641
1451,129900,6926275029176395879
1452,129901,7360701176228586601
1453,129902,12405574622555015311
1454,129903,1670845412531005241
1455,129904,3088927645379072879
1456,129905,17739483423482057693
1457,129906,6096601603028165996
1458,129907,8012039591855570786
1459,129908,11503042054981622971
1460,129909,6200890512676506564
1461,129910,14943667763054879901
1462,129911,11809552200657131871
1463,129912,8409929384239095737
1464,129913,17599212925203901968
1465,129914,1464312179032920421
1466,129915,966781989779599280
1467,129916,8698926262842803146
1468,129917,1753319408415262697
1469,129918,10001078667907435841
1470,129919,4234059901775797866
1471,129920,6711730051049663876
1472,129921,13401036702842030618
1473,129922,7627962528583105637
1474,129923,5035171354961655988
1475,129924,18374358950802560162
1476,129925,9322753167703754910
1477,129926,3622323153947355673
1478,129927,3033355648962803930
1479,129928,18295001256646156315
1480,129929,12515510275142443958
1481,129930,3859440639787706247
1482,129931,3024161602522189198
1483,129932,5762328480397709264
1484,129933,17777224555656002330
1485,129934,14309225772064562630
1486,129935,5860327782037195878
1487,129936,1874144929911441890
1488,129937,14908489707765722525
1489,129938,10182622145743685489
1490,129939,13389943572766453874
1491,129940,2146171291512132151
1492,129941,13217833262622692832
1493,129942,9503318645238932275
1494,129943,11498766903758889835
1495,129944,7152442071393640319
1496,129945,3390605147265568604
1497,129946,2387162006184387289
1498,129947,5206973710340649463
1499,129948,16906007871643758302
1500,129949,4003107202803324767
1501,129950,4821836718104325140
1502,129951,3787312889063131958
1503,129952,15878302679121381781
1504,129953,8574081288215566954
1505,129954,11794871526055885061
1506,129955,4000854115467745665
1507,129956,836697282248806146
1508,129957,5524846183691110224
1509,129958,5048640238994213207
1510,129959,8095068229955998617
1511,129960,7547361599391792724
1512,129961,17190084991913927886
1513,129962,13779296586324663969
1514,129963,15387878553874792199
1515,129964,17470995668915260055
1516,129965,3482091951633063249
1517,129966,10563302710829741618
1518,129967,13919668190004450198
1519,129968,11559549402574126074
1520,129969,7540528952072997734
1521,129970,13081324064896018728
1522,129971,5016541115489936468
1523,129972,2457307383423950361
1524,129973,16261321797825841404
1525,129974,16752084358068633911
1526,129975,69606138534615275
1527,129976,15581810439559631622
1528,129977,17271236807222679701
1529,129978,16289873471365621063
1530,129979,17220429839264193288
1531,129980,268861252614364057
1532,129981,17134920789160580509
1533,129982,12968379088029033755
1534,129983,1417767387910103304
1535,129984,2538543693281192206
1536,129985,15896979806300748684
1537,129986,14120612108965687512
1538,129987,12584682685351616622
1539,129988,9757567714176531656
1540,129989,15788575260498756374
1541,129990,18132891387785279449
1542,129991,5643972521975276755
1543,129992,12288628311000202778
1544,129993,14033042245096512311
1545,129994,9999237799707722025
1546,129995,7556872674124112955
1547,129996,16969683986178983974
